zshifts
0.400 
0.450 
0.500 
0.550 
0.600 
0.625 
0.650 
0.650 
0.660 
0.670 
0.680 
0.690 
0.700 
0.710 
0.720 
0.730 
0.740 
0.750 
0.760 
0.765 
0.770 
0.775 
0.780 
0.785 
0.790 
0.795 
0.800 
0.805 
0.810 
0.815 
0.820 
0.825 
0.830 
0.835 
0.840 
0.845 
0.850 
0.855 
0.860 
0.865 
0.870 
0.875 
0.880 
0.885 
0.890 
0.895 
0.900 
0.905 
0.910 
0.915 
0.920 
0.925 
0.930 
0.935 
0.940 
0.945 
0.950 
0.955 
0.960 
0.965 
0.970 
0.975 
0.980 
0.985 
0.990 
0.995 
1.000 
1.005 
1.010 
1.015 
1.020 
1.025 
1.030 
1.035 
1.040 
1.045 
1.050 
1.055 
1.060 
1.065 
1.070 
1.075 
1.080 
1.085 
1.090 
1.095 
1.100 
1.105 
1.110 
1.115 
1.120 
1.125 
1.130 
1.135 
1.140 
1.145 
1.150 
1.155 
1.160 
1.165 
1.170 
1.175 
1.180 
1.185 
1.190 
1.195 
1.200 
1.205 
1.210 
1.215 
1.220 
1.225 
1.230 
1.235 
1.240 
1.245 
1.250 
1.255 
1.260 
1.265 
1.270 
1.275 
1.280 
1.285 
1.290 
1.295 
1.300 
1.305 
1.310 
1.315 
1.320 
1.325 
1.330 
1.335 
1.340 
1.345 
1.350 
1.355 
1.360 
1.365 
1.370 
1.375 
1.380 
1.385 
1.390 
1.395 
1.400 
1.405 
1.410 
1.415 
1.420 
1.425 
1.430 
1.435 
1.440 
1.445 
1.450 
1.455 
1.460 
1.465 
1.470 
1.475 
1.480 
1.485 
1.490 
1.495 
1.500 
1.505 
1.510 
1.515 
1.520 
1.525 
1.530 
1.535 
1.540 
1.545 
1.550 
1.555 
1.560 
1.565 
1.570 
1.575 
1.580 
1.585 
1.590 
1.595 
1.600 
1.605 
1.610 
1.615 
1.620 
1.625 
1.630 
1.635 
1.640 
1.645 
1.650 
1.655 
1.660 
1.665 
1.670 
1.675 
1.680 
1.685 
1.690 
1.695 
1.700 
1.705 
1.710 
1.715 
1.720 
1.725 
1.730 
1.735 
1.740 
1.745 
1.750 
1.755 
1.760 
1.765 
1.770 
1.775 
1.780 
1.785 
1.790 
1.795 
1.800 
1.805 
1.810 
1.815 
1.820 
1.825 
1.830 
1.835 
1.840 
1.845 
1.850 
1.855 
1.860 
1.865 
1.870 
1.875 
1.880 
1.885 
1.890 
1.895 
1.900 
1.905 
1.910 
1.915 
1.920 
1.925 
1.930 
1.935 
1.940 
1.945 
1.950 
1.955 
1.960 
1.965 
1.970 
1.975 
1.980 
1.985 
1.990 
1.995 
2.000 
2.005 
2.010 
2.015 
2.020 
2.025 
2.030 
2.035 
2.040 
2.045 
2.050 
2.055 
2.060 
2.065 
2.070 
2.075 
2.080 
2.085 
2.090 
2.095 
2.100 
2.105 
2.110 
2.115 
2.120 
2.125 
2.130 
2.135 
2.140 
2.145 
2.150 
2.155 
2.160 
2.165 
2.170 
2.175 
2.180 
2.185 
2.190 
2.195 
2.200 
2.205 
2.210 
2.215 
2.220 
2.225 
2.230 
2.235 
2.240 
2.245 
2.250 
2.255 
2.260 
2.265 
2.270 
2.275 
2.280 
2.285 
2.290 
2.295 
2.300 
2.305 
2.310 
2.315 
2.320 
2.325 
2.330 
2.335 
2.340 
2.345 
2.350 
2.355 
2.360 
2.365 
2.370 
2.375 
2.380 
2.385 
2.390 
2.395 
2.400 
2.405 
2.410 
2.415 
2.420 
2.425 
2.430 
2.435 
2.440 
2.445 
2.450 
2.455 
2.460 
2.465 
2.470 
2.475 
2.480 
2.485 
2.490 
2.495 
2.500 
2.505 
2.510 
2.515 
2.520 
2.525 
2.530 
2.535 
2.540 
2.545 
2.550 
2.555 
2.560 
2.565 
2.570 
2.575 
2.580 
2.585 
2.590 
2.595 
2.600 
2.610 
2.620 
2.630 
2.640 
2.650 
2.660 
2.670 
2.680 
2.690 
2.700 
2.710 
2.720 
2.730 
2.740 
2.750 
2.760 
2.770 
2.780 
2.790 
2.800 
2.810 
2.820 
2.830 
2.840 
2.850 
2.860 
2.870 
2.880 
2.890 
2.900 
2.910 
2.920 
2.930 
2.940 
2.950 
2.960 
2.970 
2.980 
2.990 
3.000 
3.010 
3.020 
3.030 
3.040 
3.050 
3.060 
3.070 
3.080 
3.090 
3.100 
3.110 
3.120 
3.130 
3.140 
3.150 
3.175 
3.200 
3.225 
3.250 
3.275 
3.300 
3.325 
3.350 
3.375 
3.400 
3.425 
3.450 
3.450 
3.500 
3.550 
3.600 
3.650 
3.700 
3.750 
3.800 
3.850 
3.900 
3.950 
4.000 